name: ot
channels:
  - tensorly
  - anaconda
  - conda-forge
  - oxfordcontrol
  - defaults
dependencies:
  - ca-certificates=2020.1.1=0
  - certifi=2020.6.20=py36_0
  - libcxx=10.0.0=1
  - openssl=1.1.1g=h1de35cc_0
  - scipy=1.5.0=py36hadf427e_0
  - statsmodels=0.11.1=py36haf1e3a3_0
  - xlrd=1.1.0=py36_1
  - blas=2.8=openblas
  - bzip2=1.0.6=h1de35cc_1002
  - cairo=1.16.0=h9247486_1000
  - ffmpeg=4.1.3=h5c2b479_0
  - fontconfig=2.13.1=h1027ab8_1000
  - freetype=2.10.0=h24853df_0
  - gettext=0.19.8.1=h46ab8bc_1002
  - giflib=5.1.7=h01d97ff_1
  - glib=2.58.3=h2836805_1001
  - gmp=6.1.2=h0a44026_1000
  - gnutls=3.6.5=h53004b3_1002
  - graphite2=1.3.13=h2098e52_1000
  - greenlet=0.4.15=py36h01d97ff_0
  - harfbuzz=2.4.0=h92b87b8_0
  - hdf5=1.10.4=nompi_h0cbb7df_1106
  - icu=58.2=h0a44026_1000
  - jasper=1.900.1=h636a363_1006
  - jpeg=9c=h1de35cc_1001
  - lame=3.100=h1de35cc_1001
  - libblas=3.8.0=8_openblas
  - libcblas=3.8.0=8_openblas
  - libiconv=1.15=h01d97ff_1005
  - liblapack=3.8.0=8_openblas
  - liblapacke=3.8.0=8_openblas
  - libpng=1.6.37=h2573ce8_0
  - libtiff=4.0.10=h79f4b77_1001
  - libwebp=1.0.2=h14d73da_2
  - libxml2=2.9.9=hd80cff7_0
  - matplotlib=3.0.3=py36_1
  - matplotlib-base=3.0.3=py36habd5b94_1
  - msgpack-python=0.6.1=py36h04f5b5a_0
  - neovim=0.3.1=py36_0
  - nettle=3.4.1=h3efe00b_1002
  - openblas=0.3.6=hd44dcd8_1
  - opencv=4.1.0=py36h0cb0d9f_1
  - openh264=1.8.0=hd9629dc_1000
  - pcre=8.41=h0a44026_1003
  - pixman=0.34.0=h1de35cc_1003
  - pynvim=0.3.2=py36_0
  - scikit-learn=0.20.3=py36hca23c92_1
  - x264=1!152.20180806=h1de35cc_0
  - appnope=0.1.0=py36hf537a9a_0
  - backcall=0.1.0=py36_0
  - cycler=0.10.0=py36hfc81398_0
  - decorator=4.3.0=py36_0
  - et_xmlfile=1.0.1=py36h1315bdc_0
  - intel-openmp=2018.0.3=0
  - ipykernel=4.8.2=py36_0
  - ipython=6.4.0=py36_0
  - ipython_genutils=0.2.0=py36h241746c_0
  - jdcal=1.4=py36_0
  - jedi=0.12.0=py36_1
  - jupyter_client=5.2.3=py36_0
  - jupyter_core=4.4.0=py36h79cf704_0
  - kiwisolver=1.0.1=py36h792292d_0
  - libcxxabi=4.0.1=hebd6815_0
  - libedit=3.1.20170329=hb402a30_2
  - libffi=3.2.1=h475c297_4
  - libgfortran=3.0.1=h93005f0_2
  - libopenblas=0.3.3=hdc02c5d_3
  - libsodium=1.0.16=h3efe00b_0
  - mkl=2018.0.3=1
  - mkl_fft=1.0.1=py36h917ab60_0
  - mkl_random=1.0.1=py36h78cc56f_0
  - ncurses=6.1=h0a44026_0
  - numpy=1.16.3=py36h926163e_0
  - numpy-base=1.16.3=py36ha711998_0
  - openpyxl=2.5.12=py36_0
  - pandas=1.0.1=py36h6c726b0_0
  - parso=0.2.1=py36_0
  - patsy=0.5.1=py36_0
  - pexpect=4.6.0=py36_0
  - pickleshare=0.7.4=py36hf512f8e_0
  - pip=10.0.1=py36_0
  - prompt_toolkit=1.0.15=py36haeda067_0
  - ptyprocess=0.6.0=py36_0
  - pygments=2.2.0=py36h240cd3f_0
  - pyparsing=2.2.0=py36hb281f35_0
  - python=3.6.7=haf84260_0
  - python-dateutil=2.7.3=py36_0
  - pytz=2018.5=py36_0
  - pyzmq=17.0.0=py36h1de35cc_1
  - readline=7.0=hc1231fa_4
  - seaborn=0.10.0=py_0
  - setuptools=39.2.0=py36_0
  - simplegeneric=0.8.1=py36_2
  - six=1.11.0=py36h0e22d5e_1
  - sqlite=3.26.0=ha441bb4_0
  - tk=8.6.8=ha441bb4_0
  - tornado=5.0.2=py36_0
  - traitlets=4.3.2=py36h65bd3ce_0
  - wcwidth=0.1.7=py36h8c6ec74_0
  - wheel=0.31.1=py36_0
  - xz=5.2.4=h1de35cc_4
  - zeromq=4.2.5=h378b8a2_0
  - zlib=1.2.11=hf3cbc9b_2
  - tensorly=0.4.3=py_0
  - pip:
    - dill==0.2.5
    - msgpack==0.6.1
    - opentrons==2.5.2
    - pyserial==3.2.1
    - requests==2.14.2

